0 3.5200 0.4258 0.4282 4.1200 0.4282 0.4268 4.0500 0.4349 0.4278 3.9600 0.4330 
4 3.5400 0.4317 0.4244 4.1200 0.4282 0.4268 4.0400 0.4354 0.4272 3.9500 0.4335 
8 3.5100 0.4193 0.4328 4.1200 0.4282 0.4268 4.0400 0.4318 0.4220 3.9700 0.4290 
12 3.5300 0.4243 0.4122 4.1200 0.4306 0.4174 4.0400 0.4354 0.4272 3.9800 0.4321 
16 3.5400 0.4317 0.4244 4.1200 0.4341 0.4224 4.0400 0.4354 0.4272 3.9801 0.4285 
20 3.5400 0.4248 0.4296 4.1300 0.4337 0.4230 4.0400 0.4318 0.4220 3.9900 0.4316 
24 3.5400 0.4248 0.4296 4.1400 0.4273 0.4280 4.0200 0.4292 0.4157 4.0100 0.4272 
28 3.5500 0.4204 0.4243 4.1700 0.4319 0.4253 4.0400 0.4318 0.4220 4.0400 0.4258 
32 3.5700 0.4262 0.4206 4.2100 0.4301 0.4277 4.0400 0.4283 0.4169 4.1000 0.4257  
36 3.6000 0.4353 0.4235 4.2800 0.4271 0.4317 4.0500 0.4245 0.4125 4.2000 0.4149 
40 3.6100 0.4281 0.4292 4.3800 0.4228 0.4374 4.0600 0.4175 0.4036 4.3500 0.4086 
44 3.6400 0.4333 0.4262 4.5200 0.4227 0.4408 4.0700 0.4109 0.3950 4.5100 0.4024 
48 3.6800 0.4274 0.4231 4.6700 0.4191 0.4397 4.0900 0.4042 0.3874 4.7500 0.3967 
52 3.7200 0.4320 0.4210 4.8700 0.4085 0.4453 4.1100 0.3951 0.3761 4.9900 0.3868 
56 3.7700 0.4359 0.4195 5.0700 0.4065 0.4512 4.1300 0.3842 0.3618 5.2800 0.3772 
60 3.8400 0.4387 0.4193 5.3000 0.4086 0.4543 4.1700 0.3734 0.3498 5.6200 0.3719 
64 3.9100 0.4473 0.4148 5.5800 0.3991 0.4544 4.1900 0.3642 0.3377 5.9900 0.3644 
68 3.9800 0.4536 0.4198 5.8900 0.3964 0.4684 4.2200 0.3534 0.3241 6.4300 0.3572 
72 4.0600 0.4518 0.4153 6.2400 0.3928 0.4713 4.2600 0.3417 0.3095 6.9000 0.3506 
76 4.0700 0.4623 0.4075 6.5900 0.3872 0.4814 4.3000 0.3312 0.2965 7.3900 0.3434 
80 4.1900 0.4621 0.4105 7.0000 0.3784 0.4889 4.3500 0.3215 0.2852 7.9500 0.3382 
84 4.8000 0.4716 0.4091 7.4200 0.3743 0.4929 4.3900 0.3073 0.2742 8.5400 0.3343 
88 4.9700 0.4706 0.4067 7.8500 0.3703 0.4968 4.4400 0.2985 0.2631 9.1510 0.3290 
92 5.1100 0.4779 0.4036 8.3400 0.3692 0.4992 4.4900 0.2935 0.2500 9.8300 0.3237 
96 5.2300 0.4806 0.4097 8.8300 0.3645 0.5042 4.5500 0.2843 0.2386 10.5000 0.3221 
100 5.3800 0.4877 0.4006 9.3600 0.3595 0.5098 4.6200 0.2767 0.2301 11.2500 0.3160 
104 5.5100 0.4906 0.4004 9.9500 0.3572 0.5137 4.6800 0.2693 0.2209 12.0500 0.3142 
108 5.6600 0.4962 0.3983 10.5300 0.3521 0.5196 4.7600 0.2657 0.2123 12.8400 0.3115 
112 5.8100 0.5014 0.3963 11.1400 0.3500 0.5232 4.8200 0.2584 0.2029 13.6800 0.3099 
116 5.9800 0.4990 0.4005 11.7800 0.3465 0.5244 4.9100 0.2521 0.1963 14.6300 0.3068 
120 6.1500 0.5065 0.3968 12.4700 0.3437 0.5290 4.9800 0.2466 0.1897 15.5400 0.3049 
124 6.3300 0.5131 0.3936 13.1400 0.3414 0.5329 5.0600 0.2407 0.1824 16.4700 0.3040 
128 6.5100 0.5137 0.3903 13.8500 0.3353 0.5368 5.1400 0.2354 0.1759 17.4900 0.3014 
132 6.6800 0.5171 0.3896 14.5600 0.3355 0.5387 5.1800 0.2312 0.1696 18.4800 0.3005 
136 6.8900 0.5219 0.3880 15.3400 0.3325 0.5435 5.2200 0.2246 0.1637 19.5400 0.2991 
140 7.1000 0.5263 0.3866 16.1300 0.3312 0.5441 4.8400 0.2142 0.1489 20.6600 0.2970 
144 7.3000 0.5308 0.3849 16.9800 0.3272 0.5472 5.0000 0.2121 0.1454 21.8200 0.2959 
148 7.5200 0.5320 0.3859 17.8100 0.3264 0.5501 5.2100 0.2099 0.1434 22.9600 0.2946 
152 7.7400 0.5332 0.3827 18.7000 0.3245 0.5516 5.3600 0.2063 0.1406 24.2000 0.2942 
156 7.9600 0.5366 0.3819 19.5700 0.3211 0.5543 5.4700 0.2031 0.1372 25.4400 0.2929 
160 8.2000 0.5414 0.3799 20.4800 0.3194 0.5558 5.5600 0.2002 0.1333 26.6500 0.2921 
164 8.4400 0.5438 0.3798 21.4400 0.3174 0.5577 5.7000 0.1989 0.1301 28.0400 0.2912 
168 8.6900 0.5457 0.3763 22.3700 0.3176 0.5578 5.7800 0.1964 0.1266 29.3500 0.2906 
172 8.9310 0.5479 0.3763 23.3500 0.3162 0.5613 6.2300 0.1975 0.1291 30.6700 0.2900 
176 9.2000 0.5510 0.3755 24.3500 0.3142 0.5632 6.2500 0.1954 0.1246 32.0700 0.2900 
180 9.4600 0.5525 0.3760 25.3900 0.3106 0.5666 6.3500 0.1931 0.1216 33.5000 0.2890 
184 9.7300 0.5571 0.3738 26.4000 0.3105 0.5671 6.4900 0.1907 0.1191 34.9500 0.2879 
188 10.0000 0.5597 0.3731 27.4900 0.3112 0.5671 6.6100 0.1873 0.1173 36.4600 0.2880 
192 10.2800 0.5603 0.3712 28.6000 0.3087 0.5682 6.7400 0.1867 0.1148 37.6400 0.2863 
196 10.5800 0.5621 0.3713 29.7300 0.3082 0.5708 6.8800 0.1860 0.1125 39.3000 0.2861 
200 10.8700 0.5640 0.3712 30.8000 0.3078 0.5716 7.0000 0.1842 0.1105 40.7800 0.2857 
204 11.1600 0.5672 0.3698 31.9800 0.3065 0.5719 7.1600 0.1824 0.1089 42.4100 0.2853 
208 11.4900 0.5680 0.3680 33.1600 0.3056 0.5734 7.2900 0.1819 0.1067 44.1300 0.2847 
212 11.7900 0.5694 0.3682 34.3000 0.3049 0.5745 7.4000 0.1793 0.1051 45.6500 0.2844 
216 12.1000 0.5719 0.3674 35.5500 0.3035 0.5752 7.5700 0.1788 0.1035 47.4300 0.2846 
220 12.4200 0.5740 0.3669 36.7600 0.3037 0.5758 7.7000 0.1776 0.1025 49.1000 0.2842 
224 12.7700 0.5742 0.3657 38.0200 0.3026 0.5775 7.8700 0.1759 0.1004 50.8700 0.2840 
228 13.1000 0.5749 0.3664 39.2600 0.3014 0.5779 8.0200 0.1736 0.0995 52.5800 0.2834 
232 13.4600 0.5762 0.3666 40.6400 0.3006 0.5784 8.2000 0.1743 0.0980 54.5200 0.2832 
236 13.8000 0.5799 0.3646 41.8900 0.3007 0.5790 8.3400 0.1731 0.0967 56.3400 0.2828 
240 14.1400 0.5790 0.3644 43.1900 0.2994 0.5798 8.4900 0.1720 0.0955 58.0500 0.2829 
244 14.5200 0.5819 0.3631 44.6300 0.2995 0.5797 8.6900 0.1707 0.0946 60.0400 0.2824 
248 14.8800 0.5839 0.3625 45.9400 0.2985 0.5813 8.8700 0.1705 0.0935 61.9900 0.2823 
252 15.2400 0.5836 0.3618 47.3400 0.2979 0.5817 9.0400 0.1686 0.0927 63.8900 0.2822 
255 15.4900 0.5841 0.3621 48.2200 0.2976 0.5817 9.1610 0.1688 0.0920 65.1900 0.2822 
